50
91.0387 -87.843 -4.20289
0.0731433 -0.0394518 0.00482182
0.0832445

100
88.0277 -87.922 -1.25063
0.0712356 -0.038208 0.00422922
0.080946

150
98.7809 -87.9818 -11.9382
0.077577 -0.0368104 0.00429155
0.0859745

200
99.7105 -88.0537 -12.852
0.0779513 -0.0356399 0.0046381
0.0858378

250
94.746 -87.9479 -7.90149
0.0750989 -0.0374582 0.00437961
0.0840366

300
91.1985 -88.0888 -4.38629
0.0730637 -0.0354078 0.00491897
0.0813401

350
102.461 -88.2793 -15.6139
0.0786118 -0.0316793 0.00467629
0.0848839

400
93.508 -88.2151 -6.67499
0.0743408 -0.0333059 0.00444087
0.0815817

450
92.7706 -88.2034 -5.9369
0.0739547 -0.0334805 0.00454745
0.0813075

